0.197683 0.139758 0.662559
0.196629 0.134836 0.668535
0.234482 0.106867 0.658651
0.150854 0.065274 0.783873
0.469564 0.000010 0.530426
0.014685 0.181970 0.803345
0.295643 0.020750 0.683606
0.062188 0.068453 0.869360
0.068863 0.102825 0.828312
0.232850 0.073288 0.693863
0.504466 0.041635 0.453899
0.182550 0.122290 0.695160
0.093184 0.098578 0.808238
0.310490 0.081166 0.608345
0.426649 0.050721 0.522630
0.082491 0.113112 0.804397
0.333111 0.011400 0.655489
0.352454 0.111298 0.536249
0.152978 0.017210 0.829812
0.121857 0.139693 0.738451
0.164065 0.038480 0.797455
0.000010 0.044097 0.955893
0.142341 0.009214 0.848445
0.262585 0.131260 0.606155
0.123113 0.098771 0.778115
0.398378 0.010699 0.590923
0.317658 0.000010 0.682332
0.137177 0.236994 0.625830
0.078292 0.099215 0.822492
0.000421 0.075650 0.923929
0.268374 0.223435 0.508192
0.266459 0.073644 0.659897
0.179302 0.029423 0.791275
0.253803 0.000010 0.746187
0.157767 0.108909 0.733324
0.200972 0.071034 0.727995
0.401701 0.002470 0.595830
0.023127 0.000010 0.976863
0.090358 0.109450 0.800192
0.357456 0.042069 0.600475
0.266513 0.258386 0.475101
0.248225 0.000010 0.751765
0.165716 0.042223 0.792061
0.088706 0.179283 0.732011
0.251278 0.050539 0.698183
0.105468 0.207353 0.687178
0.191175 0.160244 0.648580
0.323552 0.000010 0.676438
0.161554 0.005038 0.833408
0.289448 0.106559 0.603993
0.000010 0.159354 0.840636
0.000010 0.147285 0.852705
0.056094 0.301105 0.642801
0.163901 0.088705 0.747394
0.000010 0.000010 0.999980
0.140709 0.228700 0.630591
0.097362 0.024266 0.878372
0.055278 0.150940 0.793782
0.200553 0.117506 0.681941
0.078329 0.110596 0.811075
0.018096 0.150232 0.831672
0.127619 0.092522 0.779859
0.202864 0.088601 0.708534
0.188332 0.050355 0.761314
0.033561 0.162462 0.803977
0.000010 0.053162 0.946828
0.263336 0.171162 0.565502
0.127912 0.099692 0.772395
0.219761 0.057549 0.722690
0.150517 0.102278 0.747205
0.163403 0.138765 0.697831
0.046493 0.109698 0.843809
0.243470 0.123600 0.632930
0.158749 0.156312 0.684939
0.203477 0.077581 0.718942
0.056340 0.111915 0.831745
0.152437 0.009909 0.837654
0.141452 0.131028 0.727519
0.236679 0.000010 0.763311
0.179876 0.087260 0.732864
0.103344 0.057900 0.838756
0.328911 0.081696 0.589393
0.265905 0.060320 0.673775
0.153834 0.195901 0.650265
0.300784 0.099182 0.600034
0.000010 0.167446 0.832544
0.196780 0.107191 0.696028
0.107346 0.127919 0.764734
0.248814 0.069537 0.681649
0.139968 0.072006 0.788026
0.065347 0.040664 0.893989
0.102898 0.118556 0.778545
0.146586 0.135760 0.717654
0.142816 0.093415 0.763770
0.086398 0.102812 0.810790
0.235433 0.018424 0.746143
0.033984 0.163603 0.802413
0.169816 0.087270 0.742914
0.038784 0.068969 0.892247
0.143787 0.073387 0.782826
0.238788 0.038413 0.722799
0.270184 0.083024 0.646791
0.383270 0.032771 0.583958
0.199263 0.094009 0.706727
0.436358 0.000010 0.563632
0.372056 0.037253 0.590691
0.137209 0.018669 0.844122
0.508352 0.000010 0.491638
0.446182 0.111322 0.442495
0.471021 0.099858 0.429121
0.315091 0.181143 0.503766
0.416400 0.000010 0.583590
0.381296 0.056297 0.562407
0.409436 0.060415 0.530150
0.354082 0.051491 0.594427
0.216627 0.077584 0.705788
0.481109 0.007736 0.511155
0.454788 0.037776 0.507437
0.424870 0.091870 0.483260
0.407511 0.083523 0.508965
0.489449 0.121563 0.388988
0.311620 0.098913 0.589467
0.213830 0.000010 0.786160
0.324552 0.098118 0.577330
0.347879 0.000010 0.652111
0.446435 0.203466 0.350098
0.117494 0.079933 0.802573
0.457031 0.114679 0.428290
0.316600 0.055827 0.627572
0.484600 0.000010 0.515390
0.257251 0.097108 0.645641
0.478813 0.035411 0.485776
0.489162 0.054116 0.456722
0.426383 0.000010 0.573607
0.217101 0.173324 0.609575
0.271470 0.027821 0.700708
0.391511 0.000010 0.608479
0.511938 0.066538 0.421524
0.363849 0.052416 0.583735
0.378592 0.108421 0.512986
0.327455 0.000010 0.672535
0.330911 0.002246 0.666843
0.358695 0.132793 0.508512
0.534998 0.000010 0.464992
0.310443 0.094573 0.594984
0.384452 0.057498 0.558049
0.237821 0.148735 0.613444
0.335073 0.037104 0.627823
0.420225 0.000010 0.579765
0.454042 0.000010 0.545948
0.526994 0.000010 0.472996
0.988993 0.010997 0.000010
0.601164 0.015905 0.382931
0.902878 0.097112 0.000010
0.588768 0.114100 0.297132
0.842444 0.000010 0.157546
0.747939 0.062362 0.189700
0.912716 0.087274 0.000010
0.748004 0.071269 0.180727
0.555445 0.124745 0.319810
0.906091 0.091966 0.001943
0.734896 0.056982 0.208122
0.897677 0.102313 0.000010
0.508054 0.145520 0.346426
0.630610 0.163554 0.205835
0.598868 0.083339 0.317793
0.806118 0.117545 0.076337
0.489256 0.003042 0.507702
0.851568 0.048036 0.100396
0.771240 0.031183 0.197577
0.869715 0.000010 0.130275
0.623879 0.000010 0.376111
0.737673 0.087025 0.175302
0.776280 0.030346 0.193374
0.761270 0.000010 0.238720
0.692743 0.039012 0.268245
0.822194 0.025167 0.152639
0.597195 0.039936 0.362869
0.999980 0.000010 0.000010
0.858007 0.000010 0.141983
0.879061 0.051059 0.069880
0.999980 0.000010 0.000010
0.880625 0.036272 0.083103
0.709998 0.000010 0.289992
0.865122 0.065969 0.068909
0.602841 0.055356 0.341803
0.800912 0.077345 0.121743
0.959104 0.040886 0.000010
0.819226 0.000010 0.180764
0.729809 0.030024 0.240168
0.849195 0.150795 0.000010
0.434339 0.055285 0.510376
0.678658 0.148448 0.172895
0.742712 0.164891 0.092398
0.624105 0.149298 0.226597
0.678814 0.115779 0.205407
0.829553 0.000010 0.170437
0.739835 0.000010 0.260155
0.450468 0.105735 0.443797
0.566052 0.045984 0.387964
0.000010 0.999980 0.000010
0.127717 0.692741 0.179542
0.000010 0.914914 0.085076
0.123284 0.876706 0.000010
0.000010 0.999980 0.000010
0.000010 0.958400 0.041590
0.000010 0.999980 0.000010
0.000010 0.815320 0.184670
0.147336 0.648794 0.203870
0.124923 0.875067 0.000010
0.000010 0.922860 0.077130
0.048357 0.866721 0.084922
0.207872 0.706489 0.085639
0.102444 0.897546 0.000010
0.076822 0.923168 0.000010
0.000010 0.999980 0.000010
0.000010 0.912875 0.087115
0.000010 0.999980 0.000010
0.041056 0.958934 0.000010
0.000010 0.934016 0.065974
0.000010 0.905253 0.094737
0.013088 0.986902 0.000010
0.000010 0.999980 0.000010
0.038261 0.922607 0.039131
0.042375 0.957615 0.000010
0.270004 0.729986 0.000010
0.000010 0.862775 0.137215
0.161573 0.635105 0.203322
0.000010 0.972180 0.027810
0.000010 0.744595 0.255395
0.000010 0.999980 0.000010
0.183479 0.816511 0.000010
0.000010 0.999980 0.000010
0.248198 0.542372 0.209430
0.111779 0.733463 0.154758
0.162930 0.657854 0.179216
0.000010 0.895425 0.104565
0.081481 0.910901 0.007618
0.171392 0.784688 0.043920
0.196273 0.803717 0.000010
0.078688 0.875591 0.045720
0.034908 0.854602 0.110491
0.141350 0.858640 0.000010
0.000010 0.749840 0.250150
0.120198 0.778966 0.100836
0.000010 0.880400 0.119590
0.181919 0.818071 0.000010
0.126772 0.694253 0.178975
0.000010 0.999980 0.000010
0.000010 0.999980 0.000010
